SIZES
  nstack                1835008
  nbuffer               2292320
  nplugin               0
  maxuse_stack          324
  maxuse_arena          2808
  maxuse_con            0
  maxuse_efc            0
  solver_iter           0
  solver_nnz            0
  nbodypair_broad       2
  nbodypair_narrow      0
  ngeompair_mid         2
  ngeompair_narrow      0
  ne                    0
  nf                    0
  nefc                  0
  nnzJ                  0
  ncon                  0

TIMER
    0:  duration =  0          number = 0
    1:  duration =  1.5        number = 14
    2:  duration =  0          number = 0
    3:  duration =  1.4        number = 14
    4:  duration =  0.026      number = 14
    5:  duration =  0.0054     number = 14
    6:  duration =  0.011      number = 14
    7:  duration =  0.001      number = 14
    8:  duration =  0.039      number = 14
    9:  duration =  0.027      number = 14
    10:  duration =  1.3        number = 14
    11:  duration =  0.019      number = 14
    12:  duration =  0.00095    number = 14

ENERGY =   0         0       

TIME =  0       

QPOS
   0       
   0       
   0       
   1       
   0       
   0       
   0       
   0       
   0       
   0       
   0       
   0       
   0       
   0       
   0       
   0       
   0       
   0       
   0       

QVEL
   0       
   0       
   0       
   0       
   0       
   0       
   0       
   0       
   0       
   0       
   0       
   0       
   0       
   0       
   0       
   0       
   0       
   0       

QACC_WARMSTART
   2.8e-16 
   2.8e-16 
  -9.8     
   7.3e-15 
  -8e-15   
  -1.1e-14 
  -2.6e-14 
  -2e-14   
   8.3e-15 
   8.4e-14 
  -7e-14   
   2.5e-13 
   1.9e-15 
   3.8e-16 
   6.7e-15 
   4.1e-14 
  -7e-14   
  -1.4e-13 

CTRL
   0       
   0       
   0       
   0       
   0       
   0       
   0       
   0       
   0       
   0       
   0       
   0       

QFRC_APPLIED
   0       
   0       
   0       
   0       
   0       
   0       
   0       
   0       
   0       
   0       
   0       
   0       
   0       
   0       
   0       
   0       
   0       
   0       

XFRC_APPLIED
   0         0         0         0         0         0       
   0         0         0         0         0         0       
   0         0         0         0         0         0       
   0         0         0         0         0         0       
   0         0         0         0         0         0       
   0         0         0         0         0         0       
   0         0         0         0         0         0       
   0         0         0         0         0         0       
   0         0         0         0         0         0       
   0         0         0         0         0         0       
   0         0         0         0         0         0       
   0         0         0         0         0         0       
   0         0         0         0         0         0       
   0         0         0         0         0         0       

QACC
   2.8e-16 
   2.8e-16 
  -9.8     
   7.3e-15 
  -8e-15   
  -1.1e-14 
  -2.6e-14 
  -2e-14   
   8.3e-15 
   8.4e-14 
  -7e-14   
   2.5e-13 
   1.9e-15 
   3.8e-16 
   6.7e-15 
   4.1e-14 
  -7e-14   
  -1.4e-13 

SENSOR
   0       
   0       
   0       
   0       
   0       
   0       
   0       
   0       
   0       
   0       
   0       
   0       
   0.00076 
  -0.001   
  -0.0012  
  -0.0012  
   0.00036 
  -0.00092 
  -0.00094 
   0.001   
  -0.0016  
   0.0018  
  -0.0015  
  -0.0011  
  -0.0018  
   0.00026 
  -0.00023 
   0.00096 
  -0.0016  
   0.0009  
   0.0015  
   0.0024  
  -0.0023  
   0.00031 
  -0.00021 
  -0.0021  
   1       
  -0.00034 
   0.00022 
  -0.00079 
  -0.00082 
   0.00067 
   0.35    
   0.011   
  -0.0014  
   0.0071  
   0.00051 
  -0.00047 
  -0.0013  
   0.0038  
   0.0031  
  -0.0034  
   0       
  -0.5     
   0       

XPOS
   0         0         0       
   0         0         0.35    
  -5.2e-05  -0.023     0.31    
   0.00019  -0.08      0.31    
   0.017    -0.08      0.25    
   0.034    -0.083     0.18    
  -0.02     -0.083     0.05    
   0.055    -0.08      0.05    
  -5.2e-05   0.023     0.31    
  -5.2e-05   0.08      0.31    
   0.017     0.08      0.25    
   0.034     0.08      0.18    
  -0.02      0.08      0.05    
   0.055     0.08      0.05    

XQUAT
   1         0         0         0       
   1         0         0         0       
   0.99      0        -0.12      0       
   0.99      0        -0.12      0       
   0.99      0        -0.12      0       
   0.98      0         0.2       0       
   1         0         3e-07     0       
   1         0         3e-07     0       
   0.99      0        -0.12      0       
   0.99      0        -0.12      0       
   0.99      0        -0.12      0       
   0.98      0         0.2       0       
   1         0         3e-07     0       
   1         0         3e-07     0       

XMAT
   1         0         0         0         1         0         0         0         1       
   1         0         0         0         1         0         0         0         1       
   0.97     -0        -0.25      0         1        -0         0.25      0         0.97    
   0.97     -0        -0.25      0         1        -0         0.25      0         0.97    
   0.97     -0        -0.25      0         1        -0         0.25      0         0.97    
   0.92      0         0.39      0         1         0        -0.39      0         0.92    
   1         0         6e-07     0         1         0        -6e-07     0         1       
   1         0         6e-07     0         1         0        -6e-07     0         1       
   0.97     -0        -0.25      0         1        -0         0.25      0         0.97    
   0.97     -0        -0.25      0         1        -0         0.25      0         0.97    
   0.97     -0        -0.25      0         1        -0         0.25      0         0.97    
   0.92      0         0.39      0         1         0        -0.39      0         0.92    
   1         0         6e-07     0         1         0        -6e-07     0         1       
   1         0         6e-07     0         1         0        -6e-07     0         1       

XIPOS
   0         0         0       
   0.0024   -5.7e-05   0.39    
   0.00088  -0.079     0.31    
   0.013    -0.08      0.25    
   0.029    -0.079     0.2     
   0.0071   -0.084     0.11    
  -0.015    -0.079     0.05    
   0.031    -0.08      0.035   
   0.00085   0.078     0.31    
   0.013     0.08      0.25    
   0.029     0.079     0.2     
   0.0076    0.084     0.11    
  -0.015     0.079     0.05    
   0.031     0.08      0.035   

XIMAT
   1         0         0         0         1         0         0         0         1       
  -0.033    -1         0.027     1        -0.033     8.6e-05   0.0008    0.027     1       
  -0.25      0.0039    0.97     -0.067    -1        -0.013     0.97     -0.068     0.25    
   0.0074   -0.89     -0.46      1         0.01     -0.0037    0.008    -0.46      0.89    
   0.97     -0.25     -0.022     1.4e-17   0.087    -1         0.25      0.97      0.084   
   0.92     -0.011     0.39      0.0094    1         0.0062   -0.39     -0.0021    0.92    
   6e-07    -0.0063    1         8.7e-19  -1        -0.0063    1         3.8e-09  -6e-07   
  -0.0021   -0.25      0.97      1         0.004     0.0032   -0.0046    0.97      0.25    
  -0.25      0.096     0.96     -0.013    -1         0.096     0.97      0.012     0.25    
  -0.011    -0.89     -0.45      1        -0.0099   -0.005    -1.2e-05  -0.45      0.89    
   0.97     -0.25      0.022     1.4e-17  -0.088    -1         0.25      0.97     -0.085   
   0.92     -0.0063    0.39      0.0094    1        -0.0062   -0.39      0.0094    0.92    
   6e-07     0.0063    1        -8.7e-19  -1         0.0063    1        -3.8e-09  -6e-07   
  -0.0021   -0.25      0.97      1         0.004     0.0032   -0.0046    0.97      0.25    

XANCHOR
   0         0         0.35    
   0         0         0.35    
   0         0         0.35    
   0         0         0.35    
  -5.2e-05  -0.023     0.31    
   0.00019  -0.08      0.31    
   0.017    -0.08      0.25    
   0.034    -0.083     0.18    
  -0.02     -0.083     0.05    
   0.055    -0.08      0.05    
  -5.2e-05   0.023     0.31    
  -5.2e-05   0.08      0.31    
   0.017     0.08      0.25    
   0.034     0.08      0.18    
  -0.02      0.08      0.05    
   0.055     0.08      0.05    

XAXIS
   1         0         0       
   0         1         0       
   0         0         1       
   0         0         1       
   0         1         0       
   0.97      0         0.25    
  -0.25      0         0.97    
   0         1         0       
   0         1         0       
   1         0        -6e-07   
   0         1         0       
   0.97      0         0.25    
  -0.25      0         0.97    
   0         1         0       
   0         1         0       
   1         0        -6e-07   

GEOM_XPOS
   0.001     0         0       
   0.001     8e-06     0.41    
   0         0         0.43    
  -0.0008   -0.077     0.31    
  -5.2e-05  -0.023     0.31    
   0.013    -0.08      0.26    
   0.00019  -0.08      0.31    
   0.029    -0.08      0.2     
   0.017    -0.08      0.25    
   0.0072   -0.081     0.11    
   0.034    -0.083     0.18    
  -0.019    -0.08      0.05    
  -0.02     -0.083     0.05    
   0.018    -0.08      0.027   
   0.018    -0.08      0.027   
  -0.0008    0.077     0.31    
  -5.2e-05   0.023     0.31    
   0.014     0.08      0.26    
  -5.2e-05   0.08      0.31    
   0.029     0.08      0.2     
   0.017     0.08      0.25    
   0.0071    0.081     0.11    
   0.034     0.08      0.18    
  -0.019     0.08      0.05    
  -0.02      0.08      0.05    
   0.018     0.08      0.027   
   0.018     0.08      0.027   

GEOM_XMAT
   1         0         0         0         1         0         0         0         1       
  -0.011    -1        -0.026     1        -0.011     0.0012   -0.0015   -0.026     1       
   1         0         0         0         1         0         0         0         1       
  -0.25      0.042     0.97      0.007    -1         0.045     0.97      0.018     0.25    
   0.97     -0        -0.25      0         1        -0         0.25      0         0.97    
  -0.0022   -0.98     -0.2       1        -0.0024    0.00077  -0.0012   -0.2       0.98    
   0.97     -0        -0.25      0         1        -0         0.25      0         0.97    
   0.97     -0.25      0.0049    0        -0.02     -1         0.25      0.97     -0.019   
   0.97     -0        -0.25      0         1        -0         0.25      0         0.97    
   0.92     -0.0047    0.39      0.0051    1        -0.00011  -0.39      0.0021    0.92    
   0.92      0         0.39      0         1         0        -0.39      0         0.92    
   6e-07     0.00014   1         0        -1         0.00014   1        -8.6e-11  -6e-07   
   1         0         6e-07     0         1         0        -6e-07     0         1       
  -0.0041   -0.2       0.98      1        -0.013     0.0016    0.013     0.98      0.2     
  -0.0041   -0.2       0.98      1        -0.013     0.0016    0.013     0.98      0.2     
  -0.25     -0.057     0.97      0.0015   -1        -0.058     0.97     -0.013     0.25    
   0.97     -0        -0.25      0         1        -0         0.25      0         0.97    
   0.0026   -0.98     -0.2       1         0.0025    0.00084  -0.00032  -0.2       0.98    
   0.97     -0        -0.25      0         1        -0         0.25      0         0.97    
   0.97     -0.25     -0.0051   -1.4e-17   0.021    -1         0.25      0.97      0.02    
   0.97     -0        -0.25      0         1        -0         0.25      0         0.97    
   0.92     -0.0048    0.39      0.0052    1         0.00011  -0.39      0.0019    0.92    
   0.92      0         0.39      0         1         0        -0.39      0         0.92    
   6e-07    -0.00014   1        -5.1e-06  -1        -0.00014   1        -5.1e-06  -6e-07   
   1         0         6e-07     0         1         0        -6e-07     0         1       
  -0.0041   -0.2       0.98      1        -0.013     0.0016    0.013     0.98      0.2     
  -0.0041   -0.2       0.98      1        -0.013     0.0016    0.013     0.98      0.2     

SITE_XPOS
   0         0         0.35    

SITE_XMAT
   1         0         0         0         1         0         0         0         1       

LIGHT_XPOS
   0         0         5       
   0         0         4       

LIGHT_XDIR
   0         0        -1       
   0         0        -1       

SUBTREE_COM
   0.0089    0.00022   0.22    
   0.0089    0.00022   0.22    
   0.012    -0.081     0.15    
   0.014    -0.081     0.12    
   0.014    -0.082     0.088   
   0.013    -0.082     0.08    
   0.02     -0.08      0.039   
   0.031    -0.08      0.035   
   0.012     0.081     0.15    
   0.014     0.082     0.12    
   0.014     0.082     0.088   
   0.013     0.082     0.08    
   0.02      0.08      0.039   
   0.031     0.08      0.035   

CDOF
   0         0         0         1         0         0       
   0         0         0         0         1         0       
   0         0         0         0         0         1       
   1         0         0        -0         0.12      0.00022 
   0         1         0        -0.12      0        -0.0089  
   0         0         1        -0.00022   0.0089    0       
   0         1         0        -0.089     0        -0.0089  
   0.97      0         0.25     -0.02      0.089     0.078   
  -0.25      0         0.97     -0.078    -0.013    -0.02    
   0         1         0         0.046    -0         0.026   
   0         1         0         0.17      0        -0.029   
   1         0        -6e-07     4.8e-08  -0.17      0.08    
   0         1         0        -0.089     0        -0.0089  
   0.97      0         0.25      0.02      0.089    -0.077   
  -0.25      0         0.97      0.077    -0.013     0.02    
   0         1         0         0.046    -0         0.026   
   0         1         0         0.17      0        -0.029   
   1         0        -6e-07    -4.8e-08  -0.17     -0.08    

CINERT
   0         0         0         0         0         0         0         0         0         0       
   0.066     0.067     0.0043   -2.9e-05   0.0021    9.6e-05  -0.014    -0.00059   0.35      2.2     
   0.0053    0.0031    0.0024   -0.00023   0.00026   0.0026   -0.003    -0.029     0.033     0.37    
   0.0031    0.00069   0.0027    0.00014   7.7e-06   0.00093   0.0018   -0.031     0.012     0.39    
   0.00089   0.00017   0.00085   0.00018   6.1e-05  -0.00021   0.0022   -0.0089   -0.0027    0.11    
   0.019     0.013     0.0065   -0.00013  -0.0014   -0.0076   -0.0015   -0.069    -0.089     0.81    
   0.0066    0.0057    0.0015   -0.00034  -0.00075  -0.0024   -0.0043   -0.014    -0.031     0.18    
   0.022     0.02      0.0046    0.00093   0.002    -0.0079    0.012    -0.042    -0.098     0.52    
   0.0055    0.0032    0.0025    0.00024   0.00027  -0.0027   -0.0031    0.03      0.035     0.39    
   0.0031    0.00069   0.0027   -0.00013   1.2e-05  -0.00093   0.0016    0.031     0.012     0.39    
   0.00089   0.00017   0.00084  -0.00018   6.1e-05   0.00021   0.0022    0.0089   -0.0027    0.11    
   0.019     0.013     0.0064    9.9e-05  -0.0013    0.0075   -0.0011    0.068    -0.09      0.81    
   0.0066    0.0057    0.0015    0.00034  -0.00075   0.0024   -0.0043    0.014    -0.031     0.18    
   0.022     0.02      0.0046   -0.00094   0.002     0.0079    0.012     0.042    -0.098     0.52    

ACTUATOR_LENGTH
   0       
   0       
   0       
   0       
   0       
   0       
   0       
   0       
   0       
   0       
   0       
   0       

ACTUATOR_MOMENT
   0         0         0         0         0         0         1         0         0         0         0         0         0         0         0         0         0         0       
   0         0         0         0         0         0         0         1         0         0         0         0         0         0         0         0         0         0       
   0         0         0         0         0         0         0         0         1         0         0         0         0         0         0         0         0         0       
   0         0         0         0         0         0         0         0         0         1         0         0         0         0         0         0         0         0       
   0         0         0         0         0         0         0         0         0         0         1         0         0         0         0         0         0         0       
   0         0         0         0         0         0         0         0         0         0         0         1         0         0         0         0         0         0       
   0         0         0         0         0         0         0         0         0         0         0         0         1         0         0         0         0         0       
   0         0         0         0         0         0         0         0         0         0         0         0         0         1         0         0         0         0       
   0         0         0         0         0         0         0         0         0         0         0         0         0         0         1         0         0         0       
   0         0         0         0         0         0         0         0         0         0         0         0         0         0         0         1         0         0       
   0         0         0         0         0         0         0         0         0         0         0         0         0         0         0         0         1         0       
   0         0         0         0         0         0         0         0         0         0         0         0         0         0         0         0         0         1       

CRB
   0         0         0         0         0         0         0         0         0         0       
   0.18      0.15      0.041    -4.4e-05   0.0027   -4e-05    -1.4e-17   0        -1.4e-16   6.9     
   0.057     0.043     0.018     0.00055   0.00024  -0.015     0.007    -0.19     -0.18      2.4     
   0.051     0.04      0.016     0.00078  -1.9e-05  -0.017     0.0099   -0.16     -0.21      2       
   0.048     0.039     0.013     0.00064  -2.6e-05  -0.018     0.0081   -0.13     -0.22      1.6     
   0.047     0.039     0.013     0.00046  -8.7e-05  -0.018     0.0059   -0.12     -0.22      1.5     
   0.029     0.026     0.0061    0.00059   0.0013   -0.01      0.0074   -0.056    -0.13      0.69    
   0.022     0.02      0.0046    0.00093   0.002    -0.0079    0.012    -0.042    -0.098     0.52    
   0.057     0.043     0.018    -0.00056   0.0003    0.014     0.007     0.19     -0.17      2.4     
   0.051     0.04      0.016    -0.0008    3.1e-05   0.017     0.01      0.16     -0.21      2       
   0.048     0.039     0.013    -0.00068   1.8e-05   0.018     0.0085    0.13     -0.22      1.6     
   0.047     0.039     0.012    -0.0005   -4.3e-05   0.018     0.0063    0.12     -0.22      1.5     
   0.029     0.026     0.0061   -0.0006    0.0013    0.01      0.0074    0.055    -0.13      0.69    
   0.022     0.02      0.0046   -0.00094   0.002     0.0079    0.012     0.042    -0.098     0.52    

QM
   6.9       0         0         0        -0.85     -0.0015   -0.39      0.00066   0.0027   -0.15     -0.0075    6e-11    -0.39     -0.00076  -0.0029   -0.15     -0.0075    6e-11   
   0         6.9       0         0.85      0         0.062     0         0.38     -0.069     0         0         0.0075    0         0.38     -0.068     0         0         0.0075  
   0         0         6.9       0.0015   -0.062     0        -0.028    -0.0026    0.00069   0.033    -0.027     0.0001   -0.028     0.003    -0.00074   0.032    -0.027     0.0001  
   0         0.85      0.0015    0.28     -5.7e-05   0.01      0.0023    0.1      -0.021    -0.0027    0.0022    0.0027   -0.0023    0.1      -0.021     0.0027   -0.0022    0.0027  
  -0.85      0        -0.062    -5.7e-05   0.26      0.00014   0.11     -0.00015  -0.00064   0.047     0.0045   -5.6e-06   0.11      0.00016   0.0007    0.047     0.0045   -5.6e-06 
  -0.0015    0.062     0         0.01      0.00014   0.042    -0.032     0.005     0.0019   -0.012    -0.0006    5.3e-05   0.032     0.0051    0.0019    0.012     0.0006    5.3e-05 
  -0.39      0        -0.028     0.0023    0.11     -0.032     0.094    -0.00013  -0.00055   0.042     0.0043   -5.6e-06   0         0         0         0         0         0       
   0.00066   0.38     -0.0026    0.1      -0.00015   0.005    -0.00013   0.088    -0.017    -0.00013  -7.3e-06   0.0024    0         0         0         0         0         0       
   0.0027   -0.069     0.00069  -0.021    -0.00064   0.0019   -0.00055  -0.017     0.0062   -0.00016   2.3e-06  -0.00055   0         0         0         0         0         0       
  -0.15      0         0.033    -0.0027    0.047    -0.012     0.042    -0.00013  -0.00016   0.023     0.0023   -2.2e-06   0         0         0         0         0         0       
  -0.0075    0        -0.027     0.0022    0.0045   -0.0006    0.0043   -7.3e-06   2.3e-06   0.0023    0.0028   -7.6e-06   0         0         0         0         0         0       
   6e-11     0.0075    0.0001    0.0027   -5.6e-06   5.3e-05  -5.6e-06   0.0024   -0.00055  -2.2e-06  -7.6e-06   0.00044   0         0         0         0         0         0       
  -0.39      0        -0.028    -0.0023    0.11      0.032     0         0         0         0         0         0         0.094     0.00013   0.0006    0.042     0.0043   -5.6e-06 
  -0.00076   0.38      0.003     0.1       0.00016   0.0051    0         0         0         0         0         0         0.00013   0.088    -0.017     0.00013  -7.3e-06   0.0024  
  -0.0029   -0.068    -0.00074  -0.021     0.0007    0.0019    0         0         0         0         0         0         0.0006   -0.017     0.0062    0.00019   2.3e-06  -0.00055 
  -0.15      0         0.032     0.0027    0.047     0.012     0         0         0         0         0         0         0.042     0.00013   0.00019   0.023     0.0023   -2.2e-06 
  -0.0075    0        -0.027    -0.0022    0.0045    0.0006    0         0         0         0         0         0         0.0043   -7.3e-06   2.3e-06   0.0023    0.0028   -7.6e-06 
   6e-11     0.0075    0.0001    0.0027   -5.6e-06   5.3e-05   0         0         0         0         0         0        -5.6e-06   0.0024   -0.00055  -2.2e-06  -7.6e-06   0.00044 

QLD
   3.1       0.00044  -0.12      0.016     3.2      -0.097    -6.8       0.1       0.29     -6.8      -2.6       1.4e-07  -6.8      -0.11     -0.29     -6.8      -2.6       1.4e-07 
   0.00044   3.5       0.00023  -1.4      -0.0016    0.34      0.002     5        -11       -0.0033    0.046     17       -0.0039    5        -11       -0.0033    0.046     17      
  -0.12      0.00023   5.2       0.046     0.98     -0.0018   -5.2       0.017     0.21      2.6      -9.7       0.23     -5.2      -0.017    -0.22      2.6      -9.7       0.23    
   0.016    -1.4       0.046     0.033    -0.0028    0.27      0.41      1.1      -3.2      -0.22      0.79      6.1      -0.41      1.1      -3.2       0.21     -0.76      6.1     
   3.2      -0.0016    0.98     -0.0028    0.015     0.0039    1.2      -0.018    -0.056     2.1       1.6      -0.013     1.2       0.018     0.056     2.1       1.6      -0.013   
  -0.097     0.34     -0.0018    0.27      0.0039    0.012    -0.55      0.26      0.34     -0.56     -0.21      0.12      0.55      0.26      0.34      0.56      0.21      0.12    
  -6.8       0.002    -5.2       0.41      1.2      -0.55      0.017    -0.015    -0.046     1.8       1.5      -0.013     0         0         0         0         0         0       
   0.1       5         0.017     1.1      -0.018     0.26     -0.015     0.038    -2.6      -0.0071    0.012     5.4       0         0         0         0         0         0       
   0.29     -11        0.21     -3.2      -0.056     0.34     -0.046    -2.6       0.0055   -0.0076   -0.0026   -1.2       0         0         0         0         0         0       
  -6.8      -0.0033    2.6      -0.22      2.1      -0.56      1.8      -0.0071   -0.0076    0.021     0.81     -0.005     0         0         0         0         0         0       
  -2.6       0.046    -9.7       0.79      1.6      -0.21      1.5       0.012    -0.0026    0.81      0.0028   -0.017     0         0         0         0         0         0       
   1.4e-07   17        0.23      6.1      -0.013     0.12     -0.013     5.4      -1.2      -0.005    -0.017     0.00044   0         0         0         0         0         0       
  -6.8      -0.0039   -5.2      -0.41      1.2       0.55      0         0         0         0         0         0         0.017     0.015     0.047     1.8       1.5      -0.013   
  -0.11      5        -0.017     1.1       0.018     0.26      0         0         0         0         0         0         0.015     0.038    -2.6       0.0057    0.012     5.4     
  -0.29     -11       -0.22     -3.2       0.056     0.34      0         0         0         0         0         0         0.047    -2.6       0.0055    0.0092   -0.0026   -1.2     
  -6.8      -0.0033    2.6       0.21      2.1       0.56      0         0         0         0         0         0         1.8       0.0057    0.0092    0.021     0.81     -0.005   
  -2.6       0.046    -9.7      -0.76      1.6       0.21      0         0         0         0         0         0         1.5       0.012    -0.0026    0.81      0.0028   -0.017   
   1.4e-07   17        0.23      6.1      -0.013     0.12      0         0         0         0         0         0        -0.013     5.4      -1.2      -0.005    -0.017     0.00044 

QLDIAGINV
   0.32    
   0.29    
   0.19    
   31      
   68      
   82      
   59      
   27      
   1.8e+02 
   48      
   3.5e+02 
   2.3e+03 
   59      
   26      
   1.8e+02 
   48      
   3.5e+02 
   2.3e+03 

QLDIAGSQRTINV
   0.56    
   0.54    
   0.44    
   5.5     
   8.3     
   9       
   7.7     
   5.2     
   13      
   6.9     
   19      
   48      
   7.7     
   5.1     
   14      
   6.9     
   19      
   48      

D_rownnz              18 18 18 18 18 18 12 12 12 12 12 12 12 12 12 12 12 12

D_rowadr              0 18 36 54 72 90 108 120 132 144 156 168 180 192 204 216 228 240

D_colind              0 1 2 3 4 5 6 7 8 9 10 11 12 13 14 15 16 17 0 1 2 3 4 5 6 7 8 9 10 11 12 13 14 15 16 17 0 1 2 3 4 5 6 7 8 9 10 11 12 13 14 15 16 17 0 1 2 3 4 5 6 7 8 9 10 11 12 13 14 15 16 17 0 1 2 3 4 5 6 7 8 9 10 11 12 13 14 15 16 17 0 1 2 3 4 5 6 7 8 9 10 11 12 13 14 15 16 17 0 1 2 3 4 5 6 7 8 9 10 11 0 1 2 3 4 5 6 7 8 9 10 11 0 1 2 3 4 5 6 7 8 9 10 11 0 1 2 3 4 5 6 7 8 9 10 11 0 1 2 3 4 5 6 7 8 9 10 11 0 1 2 3 4 5 6 7 8 9 10 11 0 1 2 3 4 5 12 13 14 15 16 17 0 1 2 3 4 5 12 13 14 15 16 17 0 1 2 3 4 5 12 13 14 15 16 17 0 1 2 3 4 5 12 13 14 15 16 17 0 1 2 3 4 5 12 13 14 15 16 17 0 1 2 3 4 5 12 13 14 15 16 17

B_rownnz              18 18 12 12 12 12 12 12 12 12 12 12 12 12

B_rowadr              0 18 36 48 60 72 84 96 108 120 132 144 156 168

B_colind              0 1 2 3 4 5 6 7 8 9 10 11 12 13 14 15 16 17 0 1 2 3 4 5 6 7 8 9 10 11 12 13 14 15 16 17 0 1 2 3 4 5 6 7 8 9 10 11 0 1 2 3 4 5 6 7 8 9 10 11 0 1 2 3 4 5 6 7 8 9 10 11 0 1 2 3 4 5 6 7 8 9 10 11 0 1 2 3 4 5 6 7 8 9 10 11 0 1 2 3 4 5 6 7 8 9 10 11 0 1 2 3 4 5 12 13 14 15 16 17 0 1 2 3 4 5 12 13 14 15 16 17 0 1 2 3 4 5 12 13 14 15 16 17 0 1 2 3 4 5 12 13 14 15 16 17 0 1 2 3 4 5 12 13 14 15 16 17 0 1 2 3 4 5 12 13 14 15 16 17

QDERIV
   0         0         0         0         0         0         0         0         0         0         0         0         0         0         0         0         0         0       
   0         0         0         0         0         0         0         0         0         0         0         0         0         0         0         0         0         0       
   0         0         0         0         0         0         0         0         0         0         0         0         0         0         0         0         0         0       
   0         0         0         0         0         0         0         0         0         0         0         0         0         0         0         0         0         0       
   0         0         0         0         0         0         0         0         0         0         0         0         0         0         0         0         0         0       
   0         0         0         0         0         0         0         0         0         0         0         0         0         0         0         0         0         0       
   0         0         0         0         0         0         0         0         0         0         0         0         0         0         0         0         0         0       
   0         0         0         0         0         0         0         0         0         0         0         0         0         0         0         0         0         0       
   0         0         0         0         0         0         0         0         0         0         0         0         0         0         0         0         0         0       
   0         0         0         0         0         0         0         0         0         0         0         0         0         0         0         0         0         0       
   0         0         0         0         0         0         0         0         0         0         0         0         0         0         0         0         0         0       
   0         0         0         0         0         0         0         0         0         0         0         0         0         0         0         0         0         0       
   0         0         0         0         0         0         0         0         0         0         0         0         0         0         0         0         0         0       
   0         0         0         0         0         0         0         0         0         0         0         0         0         0         0         0         0         0       
   0         0         0         0         0         0         0         0         0         0         0         0         0         0         0         0         0         0       
   0         0         0         0         0         0         0         0         0         0         0         0         0         0         0         0         0         0       
   0         0         0         0         0         0         0         0         0         0         0         0         0         0         0         0         0         0       
   0         0         0         0         0         0         0         0         0         0         0         0         0         0         0         0         0         0       

QLU
   0         0         0         0         0         0         0         0         0         0         0         0         0         0         0         0         0         0       
   0         0         0         0         0         0         0         0         0         0         0         0         0         0         0         0         0         0       
   0         0         0         0         0         0         0         0         0         0         0         0         0         0         0         0         0         0       
   0         0         0         0         0         0         0         0         0         0         0         0         0         0         0         0         0         0       
   0         0         0         0         0         0         0         0         0         0         0         0         0         0         0         0         0         0       
   0         0         0         0         0         0         0         0         0         0         0         0         0         0         0         0         0         0       
   0         0         0         0         0         0         0         0         0         0         0         0         0         0         0         0         0         0       
   0         0         0         0         0         0         0         0         0         0         0         0         0         0         0         0         0         0       
   0         0         0         0         0         0         0         0         0         0         0         0         0         0         0         0         0         0       
   0         0         0         0         0         0         0         0         0         0         0         0         0         0         0         0         0         0       
   0         0         0         0         0         0         0         0         0         0         0         0         0         0         0         0         0         0       
   0         0         0         0         0         0         0         0         0         0         0         0         0         0         0         0         0         0       
   0         0         0         0         0         0         0         0         0         0         0         0         0         0         0         0         0         0       
   0         0         0         0         0         0         0         0         0         0         0         0         0         0         0         0         0         0       
   0         0         0         0         0         0         0         0         0         0         0         0         0         0         0         0         0         0       
   0         0         0         0         0         0         0         0         0         0         0         0         0         0         0         0         0         0       
   0         0         0         0         0         0         0         0         0         0         0         0         0         0         0         0         0         0       
   0         0         0         0         0         0         0         0         0         0         0         0         0         0         0         0         0         0       

CONTACT
ACTUATOR_VELOCITY
   0       
   0       
   0       
   0       
   0       
   0       
   0       
   0       
   0       
   0       
   0       
   0       

CVEL
   0         0         0         0         0         0       
   0         0         0         0         0         0       
   0         0         0         0         0         0       
   0         0         0         0         0         0       
   0         0         0         0         0         0       
   0         0         0         0         0         0       
   0         0         0         0         0         0       
   0         0         0         0         0         0       
   0         0         0         0         0         0       
   0         0         0         0         0         0       
   0         0         0         0         0         0       
   0         0         0         0         0         0       
   0         0         0         0         0         0       
   0         0         0         0         0         0       

CDOF_DOT
   0         0         0         0         0         0       
   0         0         0         0         0         0       
   0         0         0         0         0         0       
   0         0         0         0         0         0       
   0         0         0         0         0         0       
   0         0         0         0         0         0       
   0         0         0         0         0         0       
   0         0         0         0         0         0       
   0        -0         0         0         0         0       
   0         0         0         0         0         0       
   0         0         0         0         0         0       
  -0         0         0         0         0         0       
   0         0         0         0         0         0       
   0         0         0         0         0         0       
   0        -0         0         0         0         0       
   0         0         0         0         0         0       
   0         0         0         0         0         0       
  -0         0         0         0         0         0       

QFRC_BIAS
   0       
   0       
   68      
   0.015   
  -0.61    
   0       
  -0.28    
  -0.025   
   0.0067  
   0.32    
  -0.27    
   0.00098 
  -0.28    
   0.029   
  -0.0072  
   0.32    
  -0.27    
   0.00098 

QFRC_PASSIVE
   0       
   0       
   0       
   0       
   0       
   0       
   0       
   0       
   0       
   0       
   0       
   0       
   0       
   0       
   0       
   0       
   0       
   0       

SUBTREE_LINVEL
   0         0         0       
   0         0         0       
   0         0         0       
   0         0         0       
   0         0         0       
   0         0         0       
   0         0         0       
   0         0         0       
   0         0         0       
   0         0         0       
   0         0         0       
   0         0         0       
   0         0         0       
   0         0         0       

SUBTREE_ANGMOM
   0         0         0       
   0         0         0       
   0         0         0       
   0         0         0       
   0         0         0       
   0         0         0       
   0         0         0       
   0         0         0       
   0         0         0       
   0         0         0       
   0         0         0       
   0         0         0       
   0         0         0       
   0         0         0       

ACTUATOR_FORCE
   0       
   0       
   0       
   0       
   0       
   0       
   0       
   0       
   0       
   0       
   0       
   0       

QFRC_ACTUATOR
   0       
   0       
   0       
   0       
   0       
   0       
   0       
   0       
   0       
   0       
   0       
   0       
   0       
   0       
   0       
   0       
   0       
   0       

QFRC_SMOOTH
   0       
   0       
  -68      
  -0.015   
   0.61    
   0       
   0.28    
   0.025   
  -0.0067  
  -0.32    
   0.27    
  -0.00098 
   0.28    
  -0.029   
   0.0072  
  -0.32    
   0.27    
  -0.00098 

QACC_SMOOTH
   2.8e-16 
   2.8e-16 
  -9.8     
   7.3e-15 
  -8e-15   
  -1.1e-14 
  -2.6e-14 
  -2e-14   
   8.3e-15 
   8.4e-14 
  -7e-14   
   2.5e-13 
   1.9e-15 
   3.8e-16 
   6.7e-15 
   4.1e-14 
  -7e-14   
  -1.4e-13 

QFRC_CONSTRAINT
   0       
   0       
   0       
   0       
   0       
   0       
   0       
   0       
   0       
   0       
   0       
   0       
   0       
   0       
   0       
   0       
   0       
   0       

QFRC_INVERSE
   0       
   0       
   0       
   0       
   0       
   0       
   0       
   0       
   0       
   0       
   0       
   0       
   0       
   0       
   0       
   0       
   0       
   0       

CACC
   0         0         0        -0        -0         9.8     
   7.3e-15  -8e-15    -1.1e-14   1.3e-15   1.1e-15  -5.3e-15 
   7.3e-15  -3.5e-14  -1.1e-14   3.6e-15   1.1e-15  -5.1e-15 
  -1.2e-14  -3.5e-14  -1.6e-14   4e-15    -6.6e-16  -6.6e-15 
  -1.4e-14  -3.5e-14  -7.8e-15   3.4e-15  -7.7e-16  -6.8e-15 
  -1.4e-14   4.9e-14  -7.8e-15   7.2e-15  -7.7e-16  -4.6e-15 
  -1.4e-14  -2.1e-14  -7.8e-15  -5.1e-15  -7.7e-16  -2.6e-15 
   2.4e-13  -2.1e-14  -7.8e-15  -5.1e-15  -4.5e-14   1.8e-14 
   7.3e-15  -6.1e-15  -1.1e-14   1.1e-15   1.1e-15  -5.3e-15 
   7.6e-15  -6.1e-15  -1.1e-14   1.1e-15   1.1e-15  -5.4e-15 
   6e-15    -6.1e-15  -4.4e-15   1.6e-15   1e-15    -5.2e-15 
   6e-15     3.5e-14  -4.4e-15   3.5e-15   1e-15    -4.2e-15 
   6e-15    -3.5e-14  -4.4e-15  -8.8e-15   1e-15    -2.2e-15 
  -1.3e-13  -3.5e-14  -4.4e-15  -8.8e-15   2.5e-14   8.9e-15 

CFRC_INT
   4.2e-17   4.6e-16  -4.5e-17   7.7e-16  -6e-17    -2.8e-14 
   4.2e-17   4.6e-16  -4.5e-17   7.7e-16  -6e-17    -2.8e-14 
   4.3e-16   2.5e-16   1.9e-17   6.5e-16  -2.4e-15  -8.5e-15 
   2.8e-16   2.8e-16   3.1e-17   7.7e-16  -2.6e-15  -6.3e-15 
   1e-16     2.7e-16  -1.8e-17   1e-16    -2.5e-15  -4.2e-15 
   6.4e-17   2.7e-16  -4.6e-17  -3e-16    -2.3e-15  -3.6e-15 
   6.7e-17   2e-16    -1.4e-16  -1.2e-15  -4.7e-16  -8.6e-16 
   1.3e-16   1.5e-16  -1.2e-16  -8.8e-16   5.7e-17  -5.1e-16 
  -4.7e-16   3.7e-16  -1.8e-17   2e-16     2.4e-15  -8.1e-15 
  -3.1e-16   3.4e-16   2.8e-17  -3.4e-16   2.2e-15  -6.3e-15 
  -1.5e-16   3.1e-16   8.4e-17  -1e-15     1.9e-15  -4.4e-15 
  -1.2e-16   3.1e-16   1e-16    -1.3e-15   1.8e-15  -3.9e-15 
  -4.3e-17   1.9e-16   1.1e-16  -1.3e-15   4.1e-16  -9.2e-16 
  -7.5e-17   1.4e-16   9.3e-17  -9e-16     2.8e-17  -4.7e-16 

CFRC_EXT
   0         0         0         0         0         0       
   0         0         0         0         0         0       
   0         0         0         0         0         0       
   0         0         0         0         0         0       
   0         0         0         0         0         0       
   0         0         0         0         0         0       
   0         0         0         0         0         0       
   0         0         0         0         0         0       
   0         0         0         0         0         0       
   0         0         0         0         0         0       
   0         0         0         0         0         0       
   0         0         0         0         0         0       
   0         0         0         0         0         0       
   0         0         0         0         0         0       

